{
 "cells": [
  {
   "cell_type": "code",
   "execution_count": 1,
   "id": "92ba2440",
   "metadata": {},
   "outputs": [],
   "source": [
    "import numpy as np\n",
    "from scipy.optimize import minimize\n",
    "import pandas as pd\n",
    "import matplotlib.pyplot as plt\n",
    "import seaborn as sns\n",
    "import os\n",
    "import datetime"
   ]
  },
  {
   "cell_type": "code",
   "execution_count": 2,
   "id": "14507838",
   "metadata": {},
   "outputs": [],
   "source": [
    "# 1. Portfolio optimization function\n",
    "def portfolio_optimization(mu, Sigma, beta_factors, lambda_risk=0.05):\n",
    "    n_assets = len(mu)\n",
    "    \n",
    "    def objective(w):\n",
    "        return -(np.dot(w, mu) - 0.5 * lambda_risk * np.dot(w, np.dot(Sigma, w)))\n",
    "    \n",
    "\n",
    "    constraints = [\n",
    "        {'type': 'eq', 'fun': lambda w: np.sum(w) - 1.0},\n",
    "        {'type': 'ineq', 'fun': lambda w: np.dot(w, beta_factors['mkt']) - 0.173},\n",
    "        {'type': 'ineq', 'fun': lambda w: 0.401 - np.dot(w, beta_factors['mkt'])},\n",
    "        {'type': 'ineq', 'fun': lambda w: np.dot(w, beta_factors['smb']) - (-0.232)},\n",
    "        {'type': 'ineq', 'fun': lambda w: 0.447 - np.dot(w, beta_factors['smb'])},\n",
    "        {'type': 'ineq', 'fun': lambda w: np.dot(w, beta_factors['hml']) - (-0.153)},\n",
    "        {'type': 'ineq', 'fun': lambda w: 0.374 - np.dot(w, beta_factors['hml'])},\n",
    "        {'type': 'ineq', 'fun': lambda w: np.dot(w, beta_factors['mom']) - (-0.272)},\n",
    "        {'type': 'ineq', 'fun': lambda w: 0.156 - np.dot(w, beta_factors['mom'])}\n",
    "    ]\n",
    "\n",
    "    bounds = [(0, 1) for _ in range(n_assets)]\n",
    "    w0 = np.ones(n_assets) / n_assets\n",
    "    \n",
    "    result = minimize(objective, w0, method='SLSQP', bounds=bounds, constraints=constraints)\n",
    "    return result.x"
   ]
  },
  {
   "cell_type": "code",
   "execution_count": 3,
   "id": "060f7036",
   "metadata": {},
   "outputs": [],
   "source": [
    "Q1_2012 = np.array([[0.00044537, 0.0004898 , 0.00033357, 0.00037073],\n",
    "                    [0.0004898 , 0.00073731, 0.00044748, 0.00049733],\n",
    "                    [0.00033357, 0.00044748, 0.000385  , 0.0003387 ],\n",
    "                    [0.00037073, 0.00049733, 0.0003387 , 0.00045668]])\n",
    "\n",
    "Q2_2012 = np.array([[0.00042692, 0.00046378, 0.00032035, 0.00034928],\n",
    "                    [0.00046378, 0.00069565, 0.00042634, 0.00046483],\n",
    "                    [0.00032035, 0.00042634, 0.00037292, 0.00032108],\n",
    "                    [0.00034928, 0.00046483, 0.00032108, 0.0004285 ]])\n",
    "\n",
    "Q3_2012 = np.array([[0.00041169, 0.00044243, 0.00030512, 0.00033097],\n",
    "                    [0.00044243, 0.00066563, 0.000405  , 0.00043931],\n",
    "                    [0.00030512, 0.000405  , 0.00035767, 0.00030296],\n",
    "                    [0.00033097, 0.00043931, 0.00030296, 0.000407  ]])\n",
    "\n",
    "Q4_2012 = np.array([[0.0003888 , 0.00041343, 0.00029444, 0.00030765],\n",
    "                    [0.00041343, 0.00061795, 0.00038714, 0.0004045 ],\n",
    "                    [0.00029444, 0.00038714, 0.00035008, 0.00028808],\n",
    "                    [0.00030765, 0.0004045 , 0.00028808, 0.00037537]])\n",
    "\n",
    "Q1_2013 = np.array([[0.00037891, 0.00040557, 0.00030189, 0.00031035],\n",
    "                    [0.00040557, 0.00060495, 0.00039753, 0.00040866],\n",
    "                    [0.00030189, 0.00039753, 0.00036681, 0.0003042 ],\n",
    "                    [0.00031035, 0.00040866, 0.0003042 , 0.00038362]])\n",
    "\n",
    "Q2_2013 = np.array([[0.00036584, 0.00039414, 0.00030305, 0.00030726],\n",
    "                    [0.00039414, 0.00058823, 0.00040038, 0.00040593],\n",
    "                    [0.00030305, 0.00040038, 0.00037537, 0.00031213],\n",
    "                    [0.00030726, 0.00040593, 0.00031213, 0.00038397]])\n",
    "\n",
    "Q3_2013 = np.array([[0.0003469 , 0.00036941, 0.00030271, 0.00029192],\n",
    "                    [0.00036941, 0.00054751, 0.00039586, 0.00038176],\n",
    "                    [0.00030271, 0.00039586, 0.00038881, 0.00031283],\n",
    "                    [0.00029192, 0.00038176, 0.00031283, 0.0003661 ]])\n",
    "\n",
    "Q4_2013 = np.array([[0.00033351, 0.00035268, 0.00028988, 0.00028   ],\n",
    "                    [0.00035268, 0.00052356, 0.00037832, 0.00036543],\n",
    "                    [0.00028988, 0.00037832, 0.00037423, 0.00030035],\n",
    "                    [0.00028   , 0.00036543, 0.00030035, 0.0003534 ]])\n",
    "\n",
    "Q1_2014 = np.array([[0.00031888, 0.00033473, 0.00027181, 0.00026755],\n",
    "                    [0.00033473, 0.00049905, 0.00035463, 0.00034908],\n",
    "                    [0.00027181, 0.00035463, 0.00035029, 0.00028346],\n",
    "                    [0.00026755, 0.00034908, 0.00028346, 0.00034134]])\n",
    "\n",
    "Q2_2014 = np.array([[0.00030824, 0.00032292, 0.00026297, 0.00025871],\n",
    "                    [0.00032292, 0.00048209, 0.00034311, 0.00033756],\n",
    "                    [0.00026297, 0.00034311, 0.00034015, 0.00027488],\n",
    "                    [0.00025871, 0.00033756, 0.00027488, 0.00033118]])\n",
    "\n",
    "Q3_2014 = np.array([[0.00029696, 0.00031197, 0.00025409, 0.0002526 ],\n",
    "                    [0.00031197, 0.0004688 , 0.00033354, 0.00033158],\n",
    "                    [0.00025409, 0.00033354, 0.00033096, 0.00027007],\n",
    "                    [0.0002526 , 0.00033158, 0.00027007, 0.00032777]])\n",
    "\n",
    "Q4_2014 = np.array([[0.00025778, 0.00026374, 0.00023513, 0.00021608],\n",
    "                    [0.00026374, 0.00040007, 0.00030697, 0.00028209],\n",
    "                    [0.00023513, 0.00030697, 0.00032943, 0.00025149],\n",
    "                    [0.00021608, 0.00028209, 0.00025149, 0.00028687]])\n",
    "\n",
    "Q1_2015 = np.array([[0.0002391 , 0.00023912, 0.00021742, 0.00020254],\n",
    "                    [0.00023912, 0.00037044, 0.00028518, 0.00026567],\n",
    "                    [0.00021742, 0.00028518, 0.00031609, 0.00024155],\n",
    "                    [0.00020254, 0.00026567, 0.00024155, 0.00028182]])\n",
    "\n",
    "Q2_2015 = np.array([[0.00021145, 0.000208  , 0.00020648, 0.000177  ],\n",
    "                    [0.000208  , 0.00032351, 0.00026946, 0.000231  ],\n",
    "                    [0.00020648, 0.00026946, 0.00031956, 0.00022931],\n",
    "                    [0.000177  , 0.000231  , 0.00022931, 0.00024864]])\n",
    "\n",
    "Q3_2015 = np.array([[0.00017727, 0.00016296, 0.00016088, 0.00014214],\n",
    "                    [0.00016296, 0.00027049, 0.00021334, 0.00018849],\n",
    "                    [0.00016088, 0.00021334, 0.000265  , 0.00018608],\n",
    "                    [0.00014214, 0.00018849, 0.00018608, 0.00021879]])\n",
    "\n",
    "Q4_2015 = np.array([[0.00017177, 0.00016268, 0.00016394, 0.00014195],\n",
    "                    [0.00016268, 0.0002651 , 0.00021758, 0.0001884 ],\n",
    "                    [0.00016394, 0.00021758, 0.00026845, 0.00018986],\n",
    "                    [0.00014195, 0.0001884 , 0.00018986, 0.00021359]])\n",
    "\n",
    "Q1_2016 = np.array([[0.00016909, 0.00016815, 0.00015586, 0.00014798],\n",
    "                    [0.00016815, 0.00026536, 0.00020674, 0.00019629],\n",
    "                    [0.00015586, 0.00020674, 0.00023394, 0.00018194],\n",
    "                    [0.00014798, 0.00019629, 0.00018194, 0.00021507]])\n",
    "\n",
    "Q2_2016 = np.array([[0.00015656, 0.00015779, 0.0001415 , 0.00014091],\n",
    "                    [0.00015779, 0.00025965, 0.00019508, 0.00019428],\n",
    "                    [0.0001415 , 0.00019508, 0.00021705, 0.00017422],\n",
    "                    [0.00014091, 0.00019428, 0.00017422, 0.00021561]])\n",
    "\n",
    "Q3_2016 = np.array([[0.00013316, 0.00012783, 0.00011372, 0.00011674],\n",
    "                    [0.00012783, 0.00021681, 0.00015686, 0.00016103],\n",
    "                    [0.00011372, 0.00015686, 0.00018003, 0.00014325],\n",
    "                    [0.00011674, 0.00016103, 0.00014325, 0.00018754]])\n",
    "\n",
    "Q4_2016 = np.array([[0.00012474, 0.00012534, 0.0001036 , 0.00011744],\n",
    "                    [0.00012534, 0.00021895, 0.00014961, 0.00016959],\n",
    "                    [0.0001036 , 0.00014961, 0.00016161, 0.00014018],\n",
    "                    [0.00011744, 0.00016959, 0.00014018, 0.00019686]])\n",
    "\n",
    "Q1_2017 = np.array([[1.20956212e-04, 1.23456467e-04, 9.77817294e-05, 1.16443838e-04],\n",
    "                    [1.23456467e-04, 2.15047688e-04, 1.41902692e-04, 1.68985496e-04],\n",
    "                    [9.77817294e-05, 1.41902692e-04, 1.48277100e-04, 1.33842272e-04],\n",
    "                    [1.16443838e-04, 1.68985496e-04, 1.33842272e-04, 1.95272039e-04]])\n",
    "\n",
    "Q2_2017 = np.array([[1.16151338e-04, 1.21037110e-04, 9.03809298e-05, 1.15101802e-04],\n",
    "                    [1.21037110e-04, 2.13028166e-04, 1.33519750e-04, 1.70039895e-04],\n",
    "                    [9.03809298e-05, 1.33519750e-04, 1.33922017e-04, 1.26972330e-04],\n",
    "                    [1.15101802e-04, 1.70039895e-04, 1.26972330e-04, 1.95921673e-04]])\n",
    "\n",
    "Q3_2017 = np.array([[1.08556645e-04, 1.12285286e-04, 8.29016016e-05, 1.07540934e-04],\n",
    "                    [1.12285286e-04, 2.02430418e-04, 1.24507184e-04, 1.61512185e-04],\n",
    "                    [8.29016016e-05, 1.24507184e-04, 1.25718024e-04, 1.19246424e-04],\n",
    "                    [1.07540934e-04, 1.61512185e-04, 1.19246424e-04, 1.88480711e-04]])\n",
    "\n",
    "Q4_2017 = np.array([[1.00363869e-04, 1.01517668e-04, 7.63141573e-05, 9.78565128e-05],\n",
    "                    [1.01517668e-04, 1.88353979e-04, 1.16244890e-04, 1.49059100e-04],\n",
    "                    [7.63141573e-05, 1.16244890e-04, 1.21103149e-04, 1.12052610e-04],\n",
    "                    [9.78565128e-05, 1.49059100e-04, 1.12052610e-04, 1.77401457e-04]])\n",
    "\n",
    "Q1_2018 = np.array([[1.04076620e-04, 1.06434583e-04, 8.41645188e-05, 1.03424096e-04],\n",
    "                    [1.06434583e-04, 1.95708343e-04, 1.27860492e-04, 1.57119128e-04],\n",
    "                    [8.41645188e-05, 1.27860492e-04, 1.35123097e-04, 1.24243976e-04],\n",
    "                    [1.03424096e-04, 1.57119128e-04, 1.24243976e-04, 1.86690801e-04]])\n",
    "\n",
    "Q2_2018 = np.array([[1.05825742e-04, 1.06125333e-04, 8.64138944e-05, 1.02807969e-04],\n",
    "                    [1.06125333e-04, 1.92392962e-04, 1.28569018e-04, 1.52960582e-04],\n",
    "                    [8.64138944e-05, 1.28569018e-04, 1.39185662e-04, 1.24550089e-04],\n",
    "                    [1.02807969e-04, 1.52960582e-04, 1.24550089e-04, 1.82675911e-04]])\n",
    "\n",
    "Q3_2018 = np.array([[1.05518309e-04, 1.08738284e-04, 8.47475083e-05, 1.03912090e-04],\n",
    "                    [1.08738284e-04, 2.00789510e-04, 1.29648616e-04, 1.58967019e-04],\n",
    "                    [8.47475083e-05, 1.29648616e-04, 1.35483697e-04, 1.23894348e-04],\n",
    "                    [1.03912090e-04, 1.58967019e-04, 1.23894348e-04, 1.86350767e-04]])\n",
    "\n",
    "Q4_2018 = np.array([[9.91921753e-05, 1.02601649e-04, 7.57476095e-05, 9.68180829e-05],\n",
    "                    [1.02601649e-04, 1.90574555e-04, 1.16651468e-04, 1.49100038e-04],\n",
    "                    [7.57476095e-05, 1.16651468e-04, 1.18687968e-04, 1.10075926e-04],\n",
    "                    [9.68180829e-05, 1.49100038e-04, 1.10075926e-04, 1.73263212e-04]])\n",
    "\n",
    "Q1_2019 = np.array([[9.64242443e-05, 9.52793712e-05, 7.41110197e-05, 9.30219292e-05],\n",
    "                    [9.52793712e-05, 1.76492327e-04, 1.11526930e-04, 1.39985258e-04],\n",
    "                    [7.41110197e-05, 1.11526930e-04, 1.19858764e-04, 1.08884537e-04],\n",
    "                    [9.30219292e-05, 1.39985258e-04, 1.08884537e-04, 1.69778533e-04]])\n",
    "\n",
    "Q2_2019 = np.array([[9.41235445e-05, 9.11314582e-05, 7.04408611e-05, 9.26874799e-05],\n",
    "                    [9.11314582e-05, 1.73507631e-04, 1.07512576e-04, 1.41467176e-04],\n",
    "                    [7.04408611e-05, 1.07512576e-04, 1.17518171e-04, 1.09348296e-04],\n",
    "                    [9.26874799e-05, 1.41467176e-04, 1.09348296e-04, 1.78298035e-04]])\n",
    "\n",
    "Q3_2019 = np.array([[9.02805921e-05, 8.51590072e-05, 7.09542185e-05, 8.73847426e-05],\n",
    "                    [8.51590072e-05, 1.63343373e-04, 1.07645115e-04, 1.32571972e-04],\n",
    "                    [7.09542185e-05, 1.07645115e-04, 1.23837653e-04, 1.10458553e-04],\n",
    "                    [8.73847426e-05, 1.32571972e-04, 1.10458553e-04, 1.70184983e-04]])\n",
    "\n",
    "Q4_2019 = np.array([[9.14244656e-05, 8.60992181e-05, 7.28490315e-05, 8.97448226e-05],\n",
    "                    [8.60992181e-05, 1.63648965e-04, 1.09552092e-04, 1.34960381e-04],\n",
    "                    [7.28490315e-05, 1.09552092e-04, 1.26863569e-04, 1.14190736e-04],\n",
    "                    [8.97448226e-05, 1.34960381e-04, 1.14190736e-04, 1.74845789e-04]])\n",
    "\n",
    "Q1_2020 = np.array([[9.35149480e-05, 9.00892987e-05, 7.14595581e-05, 9.04381738e-05],\n",
    "                    [9.00892987e-05, 1.71111229e-04, 1.08579682e-04, 1.37416861e-04],\n",
    "                    [7.14595581e-05, 1.08579682e-04, 1.20350748e-04, 1.09000162e-04],\n",
    "                    [9.04381738e-05, 1.37416861e-04, 1.09000162e-04, 1.72173483e-04]])\n",
    "\n",
    "Q2_2020 = np.array([[0.00012213, 0.00010262, 0.00012679, 0.00010744],\n",
    "                    [0.00010262, 0.00019352, 0.00017834, 0.00015112],\n",
    "                    [0.00012679, 0.00017834, 0.00026951, 0.00018671],\n",
    "                    [0.00010744, 0.00015112, 0.00018671, 0.00020739]])\n",
    "\n",
    "Q3_2020 = np.array([[1.22740555e-04, 9.90999064e-05, 1.27703901e-04, 1.03171828e-04],\n",
    "                    [9.90999064e-05, 1.91097685e-04, 1.79129481e-04, 1.44718493e-04],\n",
    "                    [1.27703901e-04, 1.79129481e-04, 2.82923901e-04, 1.86489743e-04],\n",
    "                    [1.03171828e-04, 1.44718493e-04, 1.86489743e-04, 2.02755692e-04]])\n",
    "\n",
    "Q4_2020 = np.array([[1.24967439e-04, 9.72803377e-05, 1.23899139e-04, 1.00627682e-04],\n",
    "                    [9.72803377e-05, 1.92769229e-04, 1.74384150e-04, 1.41630306e-04],\n",
    "                    [1.23899139e-04, 1.74384150e-04, 2.77951059e-04, 1.80384580e-04],\n",
    "                    [1.00627682e-04, 1.41630306e-04, 1.80384580e-04, 2.02353906e-04]])\n",
    "\n",
    "Q1_2021 = np.array([[0.00014853, 0.00012366, 0.00015265, 0.00013288],\n",
    "                    [0.00012366, 0.00022917, 0.00021033, 0.00018309],\n",
    "                    [0.00015265, 0.00021033, 0.00031842, 0.00022601],\n",
    "                    [0.00013288, 0.00018309, 0.00022601, 0.00025551]])\n",
    "\n",
    "Q2_2021 = np.array([[0.0001629 , 0.00013646, 0.00015283, 0.000148  ],\n",
    "                    [0.00013646, 0.00025617, 0.00021374, 0.00020698],\n",
    "                    [0.00015283, 0.00021374, 0.00030472, 0.00023182],\n",
    "                    [0.000148  , 0.00020698, 0.00023182, 0.00028982]])\n",
    "\n",
    "Q3_2021 = np.array([[0.00016985, 0.00014133, 0.00015945, 0.00015293],\n",
    "                    [0.00014133, 0.00026134, 0.0002192 , 0.00021023],\n",
    "                    [0.00015945, 0.0002192 , 0.00031434, 0.00023718],\n",
    "                    [0.00015293, 0.00021023, 0.00023718, 0.00029451]])\n",
    "\n",
    "Q4_2021 = np.array([[0.00018062, 0.00015334, 0.00016665, 0.00016223],\n",
    "                    [0.00015334, 0.0002771 , 0.00022712, 0.00022111],\n",
    "                    [0.00016665, 0.00022712, 0.00031494, 0.00024029],\n",
    "                    [0.00016223, 0.00022111, 0.00024029, 0.00030204]])\n",
    "\n",
    "Q1_2022 = np.array([[0.00018504, 0.00016194, 0.00015594, 0.00017431],\n",
    "                    [0.00016194, 0.00029015, 0.00021455, 0.00023983],\n",
    "                    [0.00015594, 0.00021455, 0.00027394, 0.00023094],\n",
    "                    [0.00017431, 0.00023983, 0.00023094, 0.00032549]])\n",
    "\n",
    "Q2_2022 = np.array([[0.00017608, 0.00015439, 0.0001481 , 0.00016444],\n",
    "                    [0.00015439, 0.00028629, 0.0002101 , 0.00023329],\n",
    "                    [0.0001481 , 0.0002101 , 0.00026879, 0.00022378],\n",
    "                    [0.00016444, 0.00023329, 0.00022378, 0.00031573]])\n",
    "\n",
    "Q3_2022 = np.array([[0.00017522, 0.00014886, 0.0001462 , 0.00016394],\n",
    "                    [0.00014886, 0.00027629, 0.00020403, 0.00022879],\n",
    "                    [0.0001462 , 0.00020403, 0.00026893, 0.0002247 ],\n",
    "                    [0.00016394, 0.00022879, 0.0002247 , 0.00032051]])\n",
    "\n",
    "Q4_2022 = np.array([[0.00018133, 0.0001548 , 0.00014774, 0.00016907],\n",
    "                    [0.0001548 , 0.0002877 , 0.00020698, 0.00023686],\n",
    "                    [0.00014774, 0.00020698, 0.00026838, 0.00022606],\n",
    "                    [0.00016907, 0.00023686, 0.00022606, 0.00032953]])\n",
    "\n",
    "Q1_2023 = np.array([[0.00018978, 0.000168  , 0.00015117, 0.00018081],\n",
    "                    [0.000168  , 0.00030555, 0.00021197, 0.00025354],\n",
    "                    [0.00015117, 0.00021197, 0.0002607 , 0.00022813],\n",
    "                    [0.00018081, 0.00025354, 0.00022813, 0.00034284]])\n",
    "\n",
    "Q2_2023 = np.array([[0.00018821, 0.00015731, 0.00014786, 0.0001685 ],\n",
    "                    [0.00015731, 0.00028373, 0.00019941, 0.00022725],\n",
    "                    [0.00014786, 0.00019941, 0.00025898, 0.00021358],\n",
    "                    [0.0001685 , 0.00022725, 0.00021358, 0.00031497]])"
   ]
  },
  {
   "cell_type": "code",
   "execution_count": 4,
   "id": "daca411e",
   "metadata": {},
   "outputs": [],
   "source": [
    "# 2. Create covariance matrix dictionary using your individual variables\n",
    "cov_matrices = {\n",
    "    'Q1_2012': Q1_2012, 'Q2_2012': Q2_2012, 'Q3_2012': Q3_2012, 'Q4_2012': Q4_2012,\n",
    "    'Q1_2013': Q1_2013, 'Q2_2013': Q2_2013, 'Q3_2013': Q3_2013, 'Q4_2013': Q4_2013,\n",
    "    'Q1_2014': Q1_2014, 'Q2_2014': Q2_2014, 'Q3_2014': Q3_2014, 'Q4_2014': Q4_2014,\n",
    "    'Q1_2015': Q1_2015, 'Q2_2015': Q2_2015, 'Q3_2015': Q3_2015, 'Q4_2015': Q4_2015,\n",
    "    'Q1_2016': Q1_2016, 'Q2_2016': Q2_2016, 'Q3_2016': Q3_2016, 'Q4_2016': Q4_2016,\n",
    "    'Q1_2017': Q1_2017, 'Q2_2017': Q2_2017, 'Q3_2017': Q3_2017, 'Q4_2017': Q4_2017,\n",
    "    'Q1_2018': Q1_2018, 'Q2_2018': Q2_2018, 'Q3_2018': Q3_2018, 'Q4_2018': Q4_2018,\n",
    "    'Q1_2019': Q1_2019, 'Q2_2019': Q2_2019, 'Q3_2019': Q3_2019, 'Q4_2019': Q4_2019,\n",
    "    'Q1_2020': Q1_2020, 'Q2_2020': Q2_2020, 'Q3_2020': Q3_2020, 'Q4_2020': Q4_2020,\n",
    "    'Q1_2021': Q1_2021, 'Q2_2021': Q2_2021, 'Q3_2021': Q3_2021, 'Q4_2021': Q4_2021,\n",
    "    'Q1_2022': Q1_2022, 'Q2_2022': Q2_2022, 'Q3_2022': Q3_2022, 'Q4_2022': Q4_2022,\n",
    "    'Q1_2023': Q1_2023, 'Q2_2023': Q2_2023\n",
    "}"
   ]
  },
  {
   "cell_type": "code",
   "execution_count": 5,
   "id": "e9e6e3f1",
   "metadata": {},
   "outputs": [],
   "source": [
    "def convert_quarter_format(quarter_str):\n",
    "    \"\"\"Convert 'Q1 2012' to 'Q1_2012' format\"\"\"\n",
    "    if ' ' in quarter_str:\n",
    "        return quarter_str.replace(' ', '_')  # 'Q1 2012' -> 'Q1_2012'\n",
    "    return quarter_str"
   ]
  },
  {
   "cell_type": "code",
   "execution_count": 6,
   "id": "1b39a31c",
   "metadata": {},
   "outputs": [],
   "source": [
    "def create_beta_factors_dataframe(HFRI4FWC_beta, HFRI4ELS_beta, HFRI4ED_beta, HFRI4EHV_beta):\n",
    "    beta_factors = {}\n",
    "    quarters = HFRI4FWC_beta['Quarter'].values\n",
    "    \n",
    "    for quarter in quarters:\n",
    "        # Convert '2012 Q1' to 'Q1_2012'\n",
    "        year, q = quarter.split(' ')\n",
    "        quarter_key = f\"{q}_{year}\"\n",
    "        \n",
    "        fwc_row = HFRI4FWC_beta[HFRI4FWC_beta['Quarter'] == quarter].iloc[0]\n",
    "        els_row = HFRI4ELS_beta[HFRI4ELS_beta['Quarter'] == quarter].iloc[0]\n",
    "        ed_row = HFRI4ED_beta[HFRI4ED_beta['Quarter'] == quarter].iloc[0]\n",
    "        ehv_row = HFRI4EHV_beta[HFRI4EHV_beta['Quarter'] == quarter].iloc[0]\n",
    "        \n",
    "        beta_factors[quarter_key] = pd.DataFrame({\n",
    "            'mkt': [fwc_row['β_Mkt-RF'], els_row['β_Mkt-RF'], ed_row['β_Mkt-RF'], ehv_row['β_Mkt-RF']],\n",
    "            'smb': [fwc_row['β_SMB'], els_row['β_SMB'], ed_row['β_SMB'], ehv_row['β_SMB']],\n",
    "            'hml': [fwc_row['β_HML'], els_row['β_HML'], ed_row['β_HML'], ehv_row['β_HML']],\n",
    "            'mom': [fwc_row['β_Mom'], els_row['β_Mom'], ed_row['β_Mom'], ehv_row['β_Mom']]\n",
    "        })\n",
    "    return beta_factors\n"
   ]
  },
  {
   "cell_type": "code",
   "execution_count": 7,
   "id": "ab74af21",
   "metadata": {},
   "outputs": [
    {
     "data": {
      "text/html": [
       "<div>\n",
       "<style scoped>\n",
       "    .dataframe tbody tr th:only-of-type {\n",
       "        vertical-align: middle;\n",
       "    }\n",
       "\n",
       "    .dataframe tbody tr th {\n",
       "        vertical-align: top;\n",
       "    }\n",
       "\n",
       "    .dataframe thead th {\n",
       "        text-align: right;\n",
       "    }\n",
       "</style>\n",
       "<table border=\"1\" class=\"dataframe\">\n",
       "  <thead>\n",
       "    <tr style=\"text-align: right;\">\n",
       "      <th></th>\n",
       "      <th>Quarter</th>\n",
       "      <th>HFRI4FWC</th>\n",
       "      <th>HFRI4ELS</th>\n",
       "      <th>HFRI4EHV</th>\n",
       "      <th>HFRI4ED</th>\n",
       "    </tr>\n",
       "  </thead>\n",
       "  <tbody>\n",
       "    <tr>\n",
       "      <th>0</th>\n",
       "      <td>Q1 2012</td>\n",
       "      <td>0.016628</td>\n",
       "      <td>0.022772</td>\n",
       "      <td>0.020539</td>\n",
       "      <td>0.016040</td>\n",
       "    </tr>\n",
       "    <tr>\n",
       "      <th>1</th>\n",
       "      <td>Q2 2012</td>\n",
       "      <td>0.001403</td>\n",
       "      <td>-0.000219</td>\n",
       "      <td>-0.002237</td>\n",
       "      <td>0.001847</td>\n",
       "    </tr>\n",
       "    <tr>\n",
       "      <th>2</th>\n",
       "      <td>Q3 2012</td>\n",
       "      <td>0.009219</td>\n",
       "      <td>0.013701</td>\n",
       "      <td>0.012927</td>\n",
       "      <td>0.011619</td>\n",
       "    </tr>\n",
       "    <tr>\n",
       "      <th>3</th>\n",
       "      <td>Q4 2012</td>\n",
       "      <td>0.004305</td>\n",
       "      <td>0.004202</td>\n",
       "      <td>0.004129</td>\n",
       "      <td>0.005091</td>\n",
       "    </tr>\n",
       "    <tr>\n",
       "      <th>4</th>\n",
       "      <td>Q1 2013</td>\n",
       "      <td>0.014620</td>\n",
       "      <td>0.019952</td>\n",
       "      <td>0.020217</td>\n",
       "      <td>0.016840</td>\n",
       "    </tr>\n",
       "  </tbody>\n",
       "</table>\n",
       "</div>"
      ],
      "text/plain": [
       "   Quarter  HFRI4FWC  HFRI4ELS  HFRI4EHV   HFRI4ED\n",
       "0  Q1 2012  0.016628  0.022772  0.020539  0.016040\n",
       "1  Q2 2012  0.001403 -0.000219 -0.002237  0.001847\n",
       "2  Q3 2012  0.009219  0.013701  0.012927  0.011619\n",
       "3  Q4 2012  0.004305  0.004202  0.004129  0.005091\n",
       "4  Q1 2013  0.014620  0.019952  0.020217  0.016840"
      ]
     },
     "execution_count": 7,
     "metadata": {},
     "output_type": "execute_result"
    }
   ],
   "source": [
    "er_df = pd.read_excel(\"all_output_results/ER_ML_HedgeFunds.xlsx\")\n",
    "er_df.head()"
   ]
  },
  {
   "cell_type": "code",
   "execution_count": 8,
   "id": "8345fb83",
   "metadata": {},
   "outputs": [],
   "source": [
    "HFRI4FWC_beta = pd.read_excel(\"all_output_results/All_Hedge_Fund_Betas/HFRI4FWC_betas.xlsx\")\n",
    "HFRI4ELS_beta = pd.read_excel(\"all_output_results/All_Hedge_Fund_Betas/HFRI4ELS_betas.xlsx\")\n",
    "HFRI4ED_beta = pd.read_excel(\"all_output_results/All_Hedge_Fund_Betas/HFRI4ED_betas.xlsx\")\n",
    "HFRI4EHV_beta = pd.read_excel(\"all_output_results/All_Hedge_Fund_Betas/HFRI4EHV_betas.xlsx\")"
   ]
  },
  {
   "cell_type": "code",
   "execution_count": 9,
   "id": "7de9547d",
   "metadata": {},
   "outputs": [
    {
     "data": {
      "text/plain": [
       "{'Q1_2012':         mkt       smb       hml       mom\n",
       " 0  1.251557  0.214303 -0.981955 -0.186317\n",
       " 1  1.828523  0.297726 -1.422139 -0.268360\n",
       " 2  0.688885  0.234930 -0.635595 -0.131847\n",
       " 3  1.655158  0.314553 -1.323935 -0.254199,\n",
       " 'Q2_2012':         mkt       smb       hml       mom\n",
       " 0  0.226077  0.446721  0.983295 -0.271952\n",
       " 1  0.524261  1.547814  2.421659 -0.646844\n",
       " 2  0.262827  0.845628  1.233295 -0.326485\n",
       " 3  0.600359  2.445355  2.959101 -0.762030,\n",
       " 'Q3_2012':         mkt       smb       hml       mom\n",
       " 0 -0.160003 -0.097370 -0.180802  0.075068\n",
       " 1  0.607259  0.328087  0.794426 -0.176866\n",
       " 2  0.357375  0.202300  0.443457 -0.128111\n",
       " 3  0.849890  0.477056  1.065159 -0.294133,\n",
       " 'Q4_2012':         mkt       smb       hml       mom\n",
       " 0  0.532527  0.662602 -0.011389 -0.400221\n",
       " 1  0.532592  0.679355  0.030461 -0.453772\n",
       " 2  0.349625  0.494175  0.141019 -0.452593\n",
       " 3  0.597488  0.772541  0.060303 -0.542467,\n",
       " 'Q1_2013':         mkt       smb       hml       mom\n",
       " 0  0.500617  0.658718  1.783607 -0.560506\n",
       " 1  0.693357  0.700659  2.684543 -0.835919\n",
       " 2  0.400140  0.511337  1.440984 -0.452282\n",
       " 3  0.806175  1.102312  2.830211 -0.890918,\n",
       " 'Q2_2013':         mkt       smb       hml       mom\n",
       " 0  0.557910 -0.293301  0.474146 -0.443491\n",
       " 1  0.734627 -0.091571  0.889518 -0.867569\n",
       " 2  0.815821 -0.084883  1.002960 -0.979635\n",
       " 3  0.659104 -0.049698  0.827288 -0.809624,\n",
       " 'Q3_2013':         mkt       smb       hml       mom\n",
       " 0  0.276035  0.922707  0.603667  0.792452\n",
       " 1  0.461717  1.525695  1.018490  1.309473\n",
       " 2  0.262123  0.829704  0.596238  0.710356\n",
       " 3  0.491959  1.601790  1.096989  1.373632,\n",
       " 'Q4_2013':         mkt       smb       hml       mom\n",
       " 0  0.388637 -0.144570  0.421262 -0.368217\n",
       " 1  0.265007 -0.187455  0.278052 -0.972868\n",
       " 2  0.675936 -0.239642  0.733901 -0.544574\n",
       " 3 -0.053475  0.038232 -0.056065  0.199612,\n",
       " 'Q1_2014':         mkt       smb       hml       mom\n",
       " 0  0.278185  0.257333 -0.083052  0.216134\n",
       " 1  0.472520  0.366393 -0.113054  0.332459\n",
       " 2  0.175376  0.504189 -0.187854  0.303889\n",
       " 3  0.427396  0.189096 -0.045870  0.230950,\n",
       " 'Q2_2014':         mkt       smb       hml       mom\n",
       " 0  0.587732  0.174254 -0.880819  0.330776\n",
       " 1  1.031276  0.312674 -1.551526  0.576384\n",
       " 2  0.427906  0.152794 -0.663703  0.225757\n",
       " 3  1.124347  0.340120 -1.690881  0.628850,\n",
       " 'Q3_2014':         mkt       smb       hml       mom\n",
       " 0  0.247846  0.354003 -0.029592  1.658056\n",
       " 1  0.394719  0.553304  0.327309  2.286778\n",
       " 2  0.153116  0.205658  0.447610  0.584063\n",
       " 3  0.381527  0.540992  0.095571  2.419002,\n",
       " 'Q4_2014':         mkt       smb       hml       mom\n",
       " 0  0.187737 -0.232255 -0.152957  0.383914\n",
       " 1  0.207693 -0.179431 -0.148891  0.148004\n",
       " 2 -0.197960 -0.342058  0.007368  1.690625\n",
       " 3  0.233708 -0.225721 -0.173785  0.251566,\n",
       " 'Q1_2015':         mkt       smb       hml       mom\n",
       " 0  0.141804 -0.007250  0.095204 -0.193137\n",
       " 1  0.328718  0.119944  0.371908 -0.444110\n",
       " 2  0.295256  0.372305  0.626607 -0.391929\n",
       " 3  0.539373  0.317897  0.744139 -0.725523,\n",
       " 'Q2_2015':         mkt       smb       hml       mom\n",
       " 0  0.934372 -0.318610  0.262911 -0.042477\n",
       " 1  1.219429 -0.463217  0.448867 -0.080514\n",
       " 2  0.812826 -0.336627  0.361355 -0.068409\n",
       " 3  1.149002 -0.389134  0.317363 -0.050825,\n",
       " 'Q3_2015':         mkt       smb       hml       mom\n",
       " 0  0.322788 -0.498887 -0.351227  0.192384\n",
       " 1  0.420250 -0.643947 -0.458259  0.248747\n",
       " 2  0.175203 -0.201179 -0.202907  0.082877\n",
       " 3  0.439685 -0.618878 -0.489119  0.243274,\n",
       " 'Q4_2015':         mkt       smb       hml       mom\n",
       " 0  0.185350  0.077484  0.748233 -0.252211\n",
       " 1  0.292846 -0.087461  0.766321 -0.422531\n",
       " 2  0.121392 -0.074680  0.241524 -0.179552\n",
       " 3  0.399275 -0.114763  1.053714 -0.575579,\n",
       " 'Q1_2016':         mkt       smb       hml       mom\n",
       " 0  0.297371  0.689077 -0.471101 -0.485251\n",
       " 1  0.628440  1.418618 -0.873880 -1.002606\n",
       " 2  0.380874  0.887934 -0.620730 -0.624774\n",
       " 3  0.668043  1.554049 -1.077864 -1.093790,\n",
       " 'Q2_2016':         mkt       smb       hml       mom\n",
       " 0  0.439850 -0.512615  0.030429 -0.037668\n",
       " 1  1.393126 -1.763972  0.057528 -0.099454\n",
       " 2  0.902256 -0.801004  0.131746 -0.112691\n",
       " 3  1.848192 -1.892702  0.200155 -0.195215,\n",
       " 'Q3_2016':         mkt       smb       hml       mom\n",
       " 0  0.288671  0.769231 -0.165812 -0.081219\n",
       " 1  0.351037  0.862348 -0.177633 -0.126759\n",
       " 2  0.102725  0.234818 -0.046222 -0.043810\n",
       " 3  0.534690  0.892713 -0.132349 -0.354275,\n",
       " 'Q4_2016':         mkt       smb       hml       mom\n",
       " 0  0.172926  0.103532  0.044356 -0.112870\n",
       " 1  0.300914  0.191930  0.196323 -0.266733\n",
       " 2  0.258770  0.171124  0.230312 -0.265669\n",
       " 3  0.437914  0.286037  0.353787 -0.428358,\n",
       " 'Q1_2017':         mkt       smb       hml       mom\n",
       " 0  0.189743 -0.207640  0.352648 -0.479532\n",
       " 1  0.074825 -0.117781  0.075499  0.219298\n",
       " 2  0.371682 -0.446386  0.620587 -0.488304\n",
       " 3  0.056300 -0.090310  0.053818  0.184211,\n",
       " 'Q2_2017':         mkt       smb       hml       mom\n",
       " 0  1.703535 -0.067054 -0.092314  0.220144\n",
       " 1  0.761688 -0.017456 -0.035159  0.062035\n",
       " 2  1.791904 -0.098893 -0.110954  0.313974\n",
       " 3 -0.082098  0.045102  0.024897 -0.132276,\n",
       " 'Q3_2017':         mkt       smb       hml       mom\n",
       " 0  0.020573 -0.032650 -0.021421  0.025227\n",
       " 1  0.249938  0.064834  0.105650 -0.119355\n",
       " 2  0.190838  0.045461  0.077463 -0.087402\n",
       " 3  0.431144  0.097288  0.170711 -0.192463,\n",
       " 'Q4_2017':         mkt       smb       hml       mom\n",
       " 0 -0.290559 -0.804172  3.677725  0.122386\n",
       " 1 -0.205062 -0.422070  1.881517  0.051979\n",
       " 2 -0.788003 -0.908285  3.727488  0.031017\n",
       " 3 -0.043715 -0.615601  2.981043  0.135356,\n",
       " 'Q1_2018':         mkt       smb       hml       mom\n",
       " 0  0.420368 -0.376884 -1.542961  0.207629\n",
       " 1  0.530826 -0.501508 -2.153388  0.307171\n",
       " 2  0.196324 -0.274437 -1.508975  0.269974\n",
       " 3  0.534419 -0.536043 -2.417406  0.363990,\n",
       " 'Q2_2018':         mkt       smb       hml       mom\n",
       " 0  0.230884  0.132322 -0.058264  0.109328\n",
       " 1  0.762575  0.426394 -0.312149  0.306422\n",
       " 2 -0.069739 -0.044785 -0.036561 -0.057757\n",
       " 3  0.684308  0.390931 -0.186777  0.317597,\n",
       " 'Q3_2018':         mkt       smb       hml       mom\n",
       " 0  0.092465  0.054083 -0.010299  0.020683\n",
       " 1  0.270572  0.150435 -0.021823  0.055637\n",
       " 2 -0.084755 -0.086182  0.048337 -0.041815\n",
       " 3  0.426916  0.231822 -0.028547  0.084327,\n",
       " 'Q4_2018':         mkt       smb       hml       mom\n",
       " 0  0.113888  0.458448 -0.230590  0.090702\n",
       " 1  0.346424  1.033120 -0.305376 -0.133569\n",
       " 2  0.093995  0.171203  0.036717 -0.159871\n",
       " 3  0.395067  1.176439 -0.346342 -0.154302,\n",
       " 'Q1_2019':         mkt       smb       hml       mom\n",
       " 0  0.339627  0.292483  0.679552 -0.215641\n",
       " 1  0.709835  0.684963  1.440085 -0.436816\n",
       " 2  0.304128  0.300398  0.618864 -0.185848\n",
       " 3  0.947739  0.974067  1.938732 -0.571995,\n",
       " 'Q2_2019':         mkt       smb       hml       mom\n",
       " 0  0.211043  0.692207  0.444533 -0.254534\n",
       " 1  0.349188  1.160577  0.729167 -0.420332\n",
       " 2  0.140134  0.217842  0.395714 -0.181936\n",
       " 3  0.481463  1.532389  1.033584 -0.583182,\n",
       " 'Q3_2019':         mkt       smb       hml       mom\n",
       " 0  0.167361 -0.010276  0.015471  0.003003\n",
       " 1  0.366164  0.506634  0.085866 -0.048600\n",
       " 2  0.467246  1.117066  0.155830 -0.111082\n",
       " 3  0.462508  0.453954  0.090175 -0.041996,\n",
       " 'Q4_2019':         mkt       smb       hml       mom\n",
       " 0  0.084646  1.433363  0.286768 -0.195069\n",
       " 1 -0.155585  0.856440  0.328779 -0.064495\n",
       " 2  0.130816  1.766547  0.333194 -0.247103\n",
       " 3 -0.192076  0.645796  0.305004 -0.029754,\n",
       " 'Q1_2020':         mkt       smb       hml       mom\n",
       " 0  0.469699  0.559569  0.551113 -0.348363\n",
       " 1  0.585327  0.717595  0.695858 -0.448372\n",
       " 2  1.004186  1.468653  1.300132 -0.936206\n",
       " 3  0.711860  0.778182  0.803972 -0.478845,\n",
       " 'Q2_2020':         mkt        smb       hml       mom\n",
       " 0  0.256403  -8.304348  0.342189 -0.432390\n",
       " 1  0.449403 -13.673913  0.677860 -0.783167\n",
       " 2  0.316492  -8.021739  0.619892 -0.597727\n",
       " 3  0.512303 -14.739130  0.847940 -0.917153,\n",
       " 'Q3_2020':         mkt       smb       hml       mom\n",
       " 0  0.309018 -1.034000  1.082774  0.155591\n",
       " 1  0.470688 -1.413827  1.379448  0.171556\n",
       " 2  0.240457 -0.122940 -0.298825 -0.155744\n",
       " 3  0.558621 -1.771538  1.793851  0.241610,\n",
       " 'Q4_2020':         mkt       smb       hml       mom\n",
       " 0  0.351749  3.377758 -0.525539 -0.321198\n",
       " 1  0.569925  5.560933 -0.668381 -0.571813\n",
       " 2  0.482328  4.751128 -0.472272 -0.510128\n",
       " 3  0.750854  7.405090 -0.716768 -0.799305,\n",
       " 'Q1_2021':         mkt       smb       hml       mom\n",
       " 0  0.430214 -0.030050  0.320920 -0.153659\n",
       " 1  0.738586 -0.053130  0.550606 -0.263156\n",
       " 2  0.046924  0.082277  0.054254 -0.052495\n",
       " 3  1.595661 -0.342044  1.138408 -0.473604,\n",
       " 'Q2_2021':         mkt       smb       hml       mom\n",
       " 0  0.222895 -0.386280  0.048997 -0.944046\n",
       " 1  0.356842 -0.402985  0.007137 -0.607773\n",
       " 2  0.330263 -0.452499  0.032929 -0.896086\n",
       " 3  0.420213 -0.608996  0.052905 -1.279631,\n",
       " 'Q3_2021':         mkt       smb       hml       mom\n",
       " 0  0.063481  0.155195  0.010086  0.225009\n",
       " 1  0.217464  0.082647 -0.120077  0.259473\n",
       " 2 -0.003360  0.333788  0.117247  0.377571\n",
       " 3  0.262755 -0.091934 -0.211136  0.095092,\n",
       " 'Q4_2021':         mkt       smb       hml       mom\n",
       " 0  0.400887 -2.678848  0.373808 -0.044465\n",
       " 1  0.569285 -3.715947  0.608228 -0.117415\n",
       " 2  0.306411 -2.079734  0.257451 -0.014167\n",
       " 3  0.690317 -4.421927  0.811299 -0.194099,\n",
       " 'Q1_2022':         mkt       smb       hml       mom\n",
       " 0  0.379162  0.241932 -0.237307  0.590003\n",
       " 1  0.506781  0.504684 -0.347447  0.897941\n",
       " 2  0.303156  0.249238 -0.199052  0.505386\n",
       " 3  0.448648  0.398288 -0.299495  0.765686,\n",
       " 'Q2_2022':         mkt       smb       hml       mom\n",
       " 0  0.164175 -0.498497  0.140651  0.284523\n",
       " 1  0.464710 -0.628032  0.185655 -0.119015\n",
       " 2  0.218125 -0.596159  0.168921  0.299927\n",
       " 3  0.663669 -1.382259  0.396840  0.403008,\n",
       " 'Q3_2022':         mkt       smb       hml       mom\n",
       " 0  0.203632  1.171890 -0.653015 -0.482824\n",
       " 1  0.445116  2.413366 -1.532808 -1.075571\n",
       " 2  0.304728  1.726914 -0.996253 -0.726174\n",
       " 3  0.525200  2.828309 -1.822281 -1.271706,\n",
       " 'Q4_2022':         mkt       smb       hml       mom\n",
       " 0  0.168764 -0.121538  0.201993 -0.162058\n",
       " 1  0.370084 -0.565618  0.338704 -0.496656\n",
       " 2  0.209264  0.154734  0.356927 -0.056673\n",
       " 3  0.503014 -0.140739  0.679263 -0.378392,\n",
       " 'Q1_2023':         mkt       smb       hml       mom\n",
       " 0  0.297690  0.334334  0.164400 -0.213749\n",
       " 1  0.584098  0.357613 -0.039874 -0.339317\n",
       " 2  0.259688  0.445464  0.330243 -0.227742\n",
       " 3  0.639371  0.446389  0.023082 -0.386169}"
      ]
     },
     "execution_count": 9,
     "metadata": {},
     "output_type": "execute_result"
    }
   ],
   "source": [
    "# Then call it with your four DataFrames:\n",
    "beta_factors_dict = create_beta_factors_dataframe(HFRI4FWC_beta, HFRI4ELS_beta, HFRI4ED_beta, HFRI4EHV_beta)\n",
    "beta_factors_dict"
   ]
  },
  {
   "cell_type": "code",
   "execution_count": 10,
   "id": "db383f51",
   "metadata": {},
   "outputs": [],
   "source": [
    "def optimize_aggressive_portfolio(er_df, cov_matrices, beta_factors_dict):\n",
    "    \"\"\"Optimize only aggressive portfolios\"\"\"\n",
    "    results = []\n",
    "    fund_names = ['HFRI4FWC', 'HFRI4ELS', 'HFRI4EHV', 'HFRI4ED']\n",
    "    \n",
    "    for index, row in er_df.iterrows():\n",
    "        quarter_original = row['Quarter']\n",
    "        quarter_key = convert_quarter_format(quarter_original)\n",
    "        \n",
    "        if quarter_key not in cov_matrices or quarter_key not in beta_factors_dict:\n",
    "            continue\n",
    "        \n",
    "        mu = row[fund_names].values\n",
    "        Sigma = cov_matrices[quarter_key]\n",
    "        beta_factors = beta_factors_dict[quarter_key]\n",
    "        \n",
    "        weights = portfolio_optimization(mu, Sigma, beta_factors, lambda_risk=0.05)\n",
    "        \n",
    "        results.append({\n",
    "            'Quarter': quarter_original,\n",
    "            'HFRI4FWC': weights[0],\n",
    "            'HFRI4ELS': weights[1],\n",
    "            'HFRI4EHV': weights[2],\n",
    "            'HFRI4ED': weights[3]\n",
    "        })\n",
    "    \n",
    "    return pd.DataFrame(results)\n",
    "\n",
    "def optimize_conservative_portfolio(er_df, cov_matrices, beta_factors_dict):\n",
    "    \"\"\"Optimize only conservative portfolios\"\"\"\n",
    "    results = []\n",
    "    fund_names = ['HFRI4FWC', 'HFRI4ELS', 'HFRI4EHV', 'HFRI4ED']\n",
    "    \n",
    "    for index, row in er_df.iterrows():\n",
    "        quarter_original = row['Quarter']\n",
    "        quarter_key = convert_quarter_format(quarter_original)\n",
    "        \n",
    "        if quarter_key not in cov_matrices or quarter_key not in beta_factors_dict:\n",
    "            continue\n",
