{
 "cells": [
  {
   "cell_type": "code",
   "execution_count": 3,
   "metadata": {},
   "outputs": [],
   "source": [
    "import pandas as pd\n",
    "import numpy as np\n",
    "from sklearn.linear_model import LinearRegression\n",
    "from scipy import linalg\n",
    "from datetime import datetime\n",
    "import warnings\n",
    "from tqdm import tqdm\n",
    "warnings.filterwarnings('ignore')\n",
    "from openpyxl import Workbook\n",
    "import os"
   ]
  },
  {
   "cell_type": "code",
   "execution_count": 4,
   "metadata": {},
   "outputs": [
    {
     "name": "stdout",
     "output_type": "stream",
     "text": [
      "Data loaded: HF shape (221, 4), Factors shape (221, 5)\n"
     ]
    }
   ],
   "source": [
    "# Load and clean data\n",
    "hf_df = pd.read_excel(\"Data/hedge_funds_returns_data.xlsx\")\n",
    "factors_df = pd.read_excel(\"Data/factors_returns_data.xlsx\")\n",
    "\n",
    "short_mapping = {\n",
    "    'Date': 'Date',\n",
    "    'HFRI 400 (US) Fund Weighted Composite Index (HFRI4FWC)': 'HFRI4FWC',\n",
    "    'HFRI 400 (US) EH: Long/Short Index (HFRI4ELS)': 'HFRI4ELS',\n",
    "    'HFRI 400 (US) EH: Fundamental Value Index (HFRI4EHV)': 'HFRI4EHV',\n",
    "    'HFRI 400 (US) Event-Driven Index (HFRI4ED)': 'HFRI4ED'\n",
    "    \n",
    "}\n",
    "\n",
    "hf_df = hf_df.rename(columns=short_mapping)\n",
    "\n",
    "def clean_data(df):\n",
    "    df = df.set_index('Date')\n",
    "    df = df.dropna()\n",
    "    df.index = pd.to_datetime(df.index)\n",
    "    df = df.sort_index()\n",
    "    return df\n",
    "\n",
    "hf_df_clean = clean_data(hf_df)\n",
    "factors_df_clean = clean_data(factors_df)\n",
    "\n",
    "print(f\"Data loaded: HF shape {hf_df_clean.shape}, Factors shape {factors_df_clean.shape}\")"
   ]
  },
  {
   "cell_type": "code",
   "execution_count": 5,
   "metadata": {},
   "outputs": [],
   "source": [
    "# Factor model functions\n",
    "def estimate_factor_betas(hf_data, factor_data):\n",
    "    factor_cols = ['Mkt-RF', 'SMB', 'HML', 'RF']\n",
    "    if 'Mom' in factor_data.columns:\n",
    "        factor_cols.insert(3, 'Mom')\n",
    "    elif 'Mom   ' in factor_data.columns:\n",
    "        factor_cols.insert(3, 'Mom   ')\n",
    "    \n",
    "    factor_loadings = pd.DataFrame(index=hf_data.columns, columns=factor_cols)\n",
    "    \n",
    "    for hf_name in hf_data.columns:\n",
    "        y = hf_data[hf_name].dropna()\n",
    "        X = factor_data.loc[y.index, factor_cols].dropna()\n",
    "        common_idx = y.index.intersection(X.index)\n",
    "        y_aligned = y.loc[common_idx]\n",
    "        X_aligned = X.loc[common_idx]\n",
    "        \n",
    "        if len(y_aligned) > 24:\n",
    "            reg = LinearRegression()\n",
    "            reg.fit(X_aligned, y_aligned)\n",
    "            factor_loadings.loc[hf_name] = reg.coef_\n",
    "    \n",
    "    return factor_loadings\n",
    "\n",
    "def estimate_alphas(hf_data, factor_data):\n",
    "    factor_cols = ['Mkt-RF', 'SMB', 'HML', 'RF']\n",
    "    if 'Mom' in factor_data.columns:\n",
    "        factor_cols.insert(3, 'Mom')\n",
    "    elif 'Mom   ' in factor_data.columns:\n",
    "        factor_cols.insert(3, 'Mom   ')\n",
    "    \n",
    "    alphas = pd.Series(index=hf_data.columns, name='Alpha')\n",
    "    \n",
    "    for hf_name in hf_data.columns:\n",
    "        y = hf_data[hf_name].dropna()\n",
    "        X = factor_data.loc[y.index, factor_cols].dropna()\n",
    "        common_idx = y.index.intersection(X.index)\n",
    "        y_aligned = y.loc[common_idx]\n",
    "        X_aligned = X.loc[common_idx]\n",
    "        \n",
    "        if len(y_aligned) > 24:\n",
    "            reg = LinearRegression()\n",
    "            reg.fit(X_aligned, y_aligned)\n",
    "            alphas.loc[hf_name] = reg.intercept_\n",
    "    \n",
    "    return alphas\n",
    "\n",
    "def calculate_residuals(hf_data, factor_data, factor_loadings, alphas):\n",
    "    mom_col = 'Mom' if 'Mom' in factor_data.columns else 'Mom   '\n",
    "    residuals = pd.DataFrame(index=hf_data.index, columns=hf_data.columns)\n",
    "    \n",
    "    for hf_name in hf_data.columns:\n",
    "        if hf_name in factor_loadings.index and pd.notna(alphas.loc[hf_name]):\n",
    "            actual_returns = hf_data[hf_name]\n",
    "            predicted_returns = (\n",
    "                alphas.loc[hf_name] +\n",
    "                factor_loadings.loc[hf_name, 'Mkt-RF'] * factor_data['Mkt-RF'] +\n",
    "                factor_loadings.loc[hf_name, 'SMB'] * factor_data['SMB'] +\n",
    "                factor_loadings.loc[hf_name, 'HML'] * factor_data['HML'] +\n",
    "                factor_loadings.loc[hf_name, mom_col] * factor_data[mom_col] +\n",
    "                factor_loadings.loc[hf_name, 'RF'] * factor_data['RF']\n",
    "            )\n",
    "            residuals[hf_name] = actual_returns - predicted_returns\n",
    "    \n",
    "    return residuals"
   ]
  },
  {
   "cell_type": "code",
   "execution_count": 6,
   "metadata": {},
   "outputs": [],
   "source": [
    "# Noise filtering functions\n",
    "def calculate_rmt_thresholds(residuals_df):\n",
    "    T, N = residuals_df.dropna().shape\n",
    "    c = T / N\n",
    "    lambda_max = (1 + np.sqrt(c))**2\n",
    "    lambda_min = (1 - np.sqrt(c))**2\n",
    "    return {'T': T, 'N': N, 'c_ratio': c, 'lambda_max_theory': lambda_max, 'lambda_min_theory': lambda_min}\n",
    "\n",
    "def apply_tyler_m_estimator(residuals_df, max_iter=100, tol=1e-6):\n",
    "    X = residuals_df.dropna().values\n",
    "    T, N = X.shape\n",
    "    X_centered = X - np.mean(X, axis=0)\n",
    "    cov_est = np.cov(X_centered.T)\n",
    "    \n",
    "    for iteration in range(max_iter):\n",
    "        cov_old = cov_est.copy()\n",
    "        try:\n",
    "            cov_inv = np.linalg.inv(cov_est)\n",
    "            weights = np.zeros(T)\n",
    "            \n",
    "            for t in range(T):\n",
    "                x_t = X_centered[t, :]\n",
    "                weights[t] = 1.0 / np.sqrt(x_t @ cov_inv @ x_t + 1e-12)\n",
    "                \n",
    "            weighted_sum = np.zeros((N, N))\n",
    "            weight_sum = 0\n",
    "            \n",
    "            for t in range(T):\n",
    "                x_t = X_centered[t, :].reshape(-1, 1)\n",
    "                weighted_sum += weights[t] * (x_t @ x_t.T)\n",
    "                weight_sum += weights[t]\n",
    "                \n",
    "            cov_est = N * weighted_sum / weight_sum\n",
    "            \n",
    "            diff = np.linalg.norm(cov_est - cov_old, 'fro')\n",
    "            if diff < tol:\n",
    "                converged = True\n",
    "                break\n",
    "                \n",
    "        except np.linalg.LinAlgError:\n",
    "            cov_est += 1e-6 * np.eye(N)\n",
    "            continue\n",
    "    else:\n",
    "        converged = False\n",
    "        \n",
    "    convergence_info = {'converged': converged, 'iterations': iteration + 1}\n",
    "    robust_cov = pd.DataFrame(cov_est, index=residuals_df.columns, columns=residuals_df.columns)\n",
    "    return robust_cov, convergence_info\n",
    "\n",
    "def separate_signal_noise_eigenvalues(covariance_matrix, rmt_thresholds):\n",
    "    cov_matrix = covariance_matrix.values if hasattr(covariance_matrix, 'values') else covariance_matrix\n",
    "    eigenvalues, eigenvectors = linalg.eigh(cov_matrix)\n",
    "    eigenvalues = eigenvalues[::-1]\n",
    "    eigenvectors = eigenvectors[:, ::-1]\n",
    "    \n",
    "    N = len(eigenvalues)\n",
    "    avg_variance = np.trace(cov_matrix) / N\n",
    "    scaled_eigenvals = eigenvalues / avg_variance\n",
    "    \n",
    "    lambda_max = min(rmt_thresholds['lambda_max_theory'], 3.0)\n",
    "    signal_mask = scaled_eigenvals > lambda_max\n",
    "    \n",
    "    if np.sum(signal_mask) == 0:\n",
    "        signal_mask[:2] = True\n",
    "    \n",
    "    n_signal = np.sum(signal_mask)\n",
    "    n_noise = N - n_signal\n",
    "    \n",
    "    return {\n",
    "        'eigenvalues': eigenvalues, 'eigenvectors': eigenvectors, 'signal_mask': signal_mask,\n",
    "        'n_signal': n_signal, 'n_noise': n_noise, 'rmt_threshold': lambda_max\n",
    "    }\n",
    "\n",
    "def reconstruct_filtered_covariance(separation_results):\n",
    "    eigenvalues = separation_results['eigenvalues']\n",
    "    eigenvectors = separation_results['eigenvectors']\n",
    "    signal_mask = separation_results['signal_mask']\n",
    "    \n",
    "    filtered_eigenvals = eigenvalues.copy()\n",
    "    if separation_results['n_noise'] > 0:\n",
    "        noise_eigenvals = eigenvalues[~signal_mask]\n",
    "        avg_noise = np.mean(noise_eigenvals)\n",
    "        filtered_eigenvals[~signal_mask] = avg_noise\n",
    "    \n",
    "    filtered_cov = eigenvectors @ np.diag(filtered_eigenvals) @ eigenvectors.T\n",
    "    eigenvals, eigenvecs = linalg.eigh(filtered_cov)\n",
    "    eigenvals = np.maximum(eigenvals, 1e-8)\n",
    "    filtered_cov = eigenvecs @ np.diag(eigenvals) @ eigenvecs.T\n",
    "    \n",
    "    return filtered_cov, {'method': 'average_noise'}"
   ]
  },
  {
   "cell_type": "code",
   "execution_count": 7,
   "metadata": {},
   "outputs": [],
   "source": [
    "# Rolling window functions\n",
    "def get_quarter_info(date):\n",
    "    year = date.year\n",
    "    month = date.month\n",
    "    if month <= 3:\n",
    "        quarter = f\"Q1_{year}\"\n",
    "        quarter_start = pd.Timestamp(year, 1, 1)\n",
    "    elif month <= 6:\n",
    "        quarter = f\"Q2_{year}\"\n",
    "        quarter_start = pd.Timestamp(year, 4, 1)\n",
    "    elif month <= 9:\n",
    "        quarter = f\"Q3_{year}\"\n",
    "        quarter_start = pd.Timestamp(year, 7, 1)\n",
    "    else:\n",
    "        quarter = f\"Q4_{year}\"\n",
    "        quarter_start = pd.Timestamp(year, 10, 1)\n",
    "    return quarter, quarter_start\n",
    "\n",
    "def generate_rolling_periods(hf_data, factors_data, training_years=7):\n",
    "    start_date = max(hf_data.index.min(), factors_data.index.min())\n",
    "    end_date = min(hf_data.index.max(), factors_data.index.max())\n",
    "    periods = []\n",
    "    \n",
    "    first_quarter_start = start_date + pd.DateOffset(years=training_years)\n",
    "    current_date = pd.Timestamp(first_quarter_start.year, ((first_quarter_start.month-1)//3)*3 + 1, 1)\n",
    "    \n",
    "    while current_date <= end_date:\n",
    "        quarter, quarter_start = get_quarter_info(current_date)\n",
    "        train_start = quarter_start - pd.DateOffset(years=training_years)\n",
    "        train_end = quarter_start - pd.DateOffset(days=1)\n",
    "        \n",
    "        hf_train_data = hf_data[(hf_data.index >= train_start) & (hf_data.index <= train_end)]\n",
    "        factors_train_data = factors_data[(factors_data.index >= train_start) & (factors_data.index <= train_end)]\n",
    "        \n",
    "        if len(hf_train_data) >= 60 and len(factors_train_data) >= 60:\n",
    "            periods.append({\n",
    "                'quarter': quarter,\n",
    "                'hf_data': hf_train_data,\n",
    "                'factors_data': factors_train_data\n",
    "            })\n",
    "        \n",
    "        if current_date.month <= 3:\n",
    "            current_date = pd.Timestamp(current_date.year, 4, 1)\n",
    "        elif current_date.month <= 6:\n",
    "            current_date = pd.Timestamp(current_date.year, 7, 1)\n",
    "        elif current_date.month <= 9:\n",
    "            current_date = pd.Timestamp(current_date.year, 10, 1)\n",
    "        else:\n",
    "            current_date = pd.Timestamp(current_date.year + 1, 1, 1)\n",
    "    \n",
    "    return periods"
   ]
  },
  {
   "cell_type": "code",
   "execution_count": 8,
   "metadata": {},
   "outputs": [],
   "source": [
    "# Main calculation function\n",
    "def calculate_single_filtered_covariance(hf_data, factors_data):\n",
    "    try:\n",
    "        factor_betas = estimate_factor_betas(hf_data, factors_data)\n",
    "        alphas = estimate_alphas(hf_data, factors_data)\n",
    "        residuals = calculate_residuals(hf_data, factors_data, factor_betas, alphas)\n",
    "        \n",
    "        residuals_clean = residuals.dropna()\n",
    "        if residuals_clean.empty or residuals_clean.shape[0] < 24:\n",
    "            return None\n",
    "        \n",
    "        rmt_thresholds = calculate_rmt_thresholds(residuals_clean)\n",
    "        robust_cov, convergence_info = apply_tyler_m_estimator(residuals_clean)\n",
    "        separation_results = separate_signal_noise_eigenvalues(robust_cov, rmt_thresholds)\n",
    "        filtered_cov, reconstruction_info = reconstruct_filtered_covariance(separation_results)\n",
    "        \n",
    "        return filtered_cov\n",
    "    except Exception as e:\n",
    "        print(f\"Error: {str(e)}\")\n",
    "        return None\n",
    "\n",
    "def calculate_rolling_filtered_covariance_matrices(hf_data, factors_data):\n",
    "    periods = generate_rolling_periods(hf_data, factors_data)\n",
    "    covariance_matrices = {}\n",
    "    \n",
    "    print(f\"Processing {len(periods)} quarters...\")\n",
    "    \n",
    "    for period in tqdm(periods):\n",
    "        quarter = period['quarter']\n",
    "        filtered_cov = calculate_single_filtered_covariance(period['hf_data'], period['factors_data'])\n",
    "        \n",
    "        if filtered_cov is not None:\n",
    "            var_name = f\"filtered_cov_{quarter}\"\n",
    "            covariance_matrices[var_name] = filtered_cov\n",
    "    \n",
    "    print(f\"Successfully calculated {len(covariance_matrices)} covariance matrices\")\n",
    "    return covariance_matrices"
   ]
  },
  {
   "cell_type": "code",
   "execution_count": 9,
   "metadata": {},
   "outputs": [
    {
     "name": "stdout",
     "output_type": "stream",
     "text": [
      "Processing 46 quarters...\n"
     ]
    },
    {
     "name": "stderr",
     "output_type": "stream",
     "text": [
      "100%|██████████| 46/46 [00:00<00:00, 60.14it/s]"
     ]
    },
    {
     "name": "stdout",
     "output_type": "stream",
     "text": [
      "Successfully calculated 46 covariance matrices\n",
      "\n",
      "✓ Created 46 covariance matrix variables\n",
      "Available quarters: ['Q1_2012', 'Q1_2013', 'Q1_2014', 'Q1_2015', 'Q1_2016', 'Q1_2017', 'Q1_2018', 'Q1_2019', 'Q1_2020', 'Q1_2021']...\n"
     ]
    },
    {
     "name": "stderr",
     "output_type": "stream",
     "text": [
      "\n"
     ]
    }
   ],
   "source": [
    "# Execute calculation and create easy access variables\n",
    "covariance_matrices = calculate_rolling_filtered_covariance_matrices(hf_df_clean, factors_df_clean)\n",
    "\n",
    "# Store in global namespace for easy access\n",
    "globals().update(covariance_matrices)\n",
    "\n",
    "# Show available quarters\n",
    "available_quarters = sorted([key.replace('filtered_cov_', '') for key in covariance_matrices.keys()])\n",
    "print(f\"\\n✓ Created {len(covariance_matrices)} covariance matrix variables\")\n",
    "print(f\"Available quarters: {available_quarters[:10]}{'...' if len(available_quarters) > 10 else ''}\")"
   ]
  },
  {
   "cell_type": "code",
   "execution_count": 10,
   "metadata": {},
   "outputs": [
    {
     "data": {
      "text/plain": [
       "{'filtered_cov_Q1_2012': array([[0.00044537, 0.0004898 , 0.00033357, 0.00037073],\n",
       "        [0.0004898 , 0.00073731, 0.00044748, 0.00049733],\n",
       "        [0.00033357, 0.00044748, 0.000385  , 0.0003387 ],\n",
       "        [0.00037073, 0.00049733, 0.0003387 , 0.00045668]]),\n",
       " 'filtered_cov_Q2_2012': array([[0.00042692, 0.00046378, 0.00032035, 0.00034928],\n",
       "        [0.00046378, 0.00069565, 0.00042634, 0.00046483],\n",
       "        [0.00032035, 0.00042634, 0.00037292, 0.00032108],\n",
       "        [0.00034928, 0.00046483, 0.00032108, 0.0004285 ]]),\n",
       " 'filtered_cov_Q3_2012': array([[0.00041169, 0.00044243, 0.00030512, 0.00033097],\n",
       "        [0.00044243, 0.00066563, 0.000405  , 0.00043931],\n",
       "        [0.00030512, 0.000405  , 0.00035767, 0.00030296],\n",
       "        [0.00033097, 0.00043931, 0.00030296, 0.000407  ]]),\n",
       " 'filtered_cov_Q4_2012': array([[0.0003888 , 0.00041343, 0.00029444, 0.00030765],\n",
       "        [0.00041343, 0.00061795, 0.00038714, 0.0004045 ],\n",
       "        [0.00029444, 0.00038714, 0.00035008, 0.00028808],\n",
       "        [0.00030765, 0.0004045 , 0.00028808, 0.00037537]]),\n",
       " 'filtered_cov_Q1_2013': array([[0.00037891, 0.00040557, 0.00030189, 0.00031035],\n",
       "        [0.00040557, 0.00060495, 0.00039753, 0.00040866],\n",
       "        [0.00030189, 0.00039753, 0.00036681, 0.0003042 ],\n",
       "        [0.00031035, 0.00040866, 0.0003042 , 0.00038362]]),\n",
       " 'filtered_cov_Q2_2013': array([[0.00036584, 0.00039414, 0.00030305, 0.00030726],\n",
       "        [0.00039414, 0.00058823, 0.00040038, 0.00040593],\n",
       "        [0.00030305, 0.00040038, 0.00037537, 0.00031213],\n",
       "        [0.00030726, 0.00040593, 0.00031213, 0.00038397]]),\n",
       " 'filtered_cov_Q3_2013': array([[0.0003469 , 0.00036941, 0.00030271, 0.00029192],\n",
       "        [0.00036941, 0.00054751, 0.00039586, 0.00038176],\n",
       "        [0.00030271, 0.00039586, 0.00038881, 0.00031283],\n",
       "        [0.00029192, 0.00038176, 0.00031283, 0.0003661 ]]),\n",
       " 'filtered_cov_Q4_2013': array([[0.00033351, 0.00035268, 0.00028988, 0.00028   ],\n",
       "        [0.00035268, 0.00052356, 0.00037832, 0.00036543],\n",
       "        [0.00028988, 0.00037832, 0.00037423, 0.00030035],\n",
       "        [0.00028   , 0.00036543, 0.00030035, 0.0003534 ]]),\n",
       " 'filtered_cov_Q1_2014': array([[0.00031888, 0.00033473, 0.00027181, 0.00026755],\n",
       "        [0.00033473, 0.00049905, 0.00035463, 0.00034908],\n",
       "        [0.00027181, 0.00035463, 0.00035029, 0.00028346],\n",
       "        [0.00026755, 0.00034908, 0.00028346, 0.00034134]]),\n",
       " 'filtered_cov_Q2_2014': array([[0.00030824, 0.00032292, 0.00026297, 0.00025871],\n",
       "        [0.00032292, 0.00048209, 0.00034311, 0.00033756],\n",
       "        [0.00026297, 0.00034311, 0.00034015, 0.00027488],\n",
       "        [0.00025871, 0.00033756, 0.00027488, 0.00033118]]),\n",
       " 'filtered_cov_Q3_2014': array([[0.00029696, 0.00031197, 0.00025409, 0.0002526 ],\n",
       "        [0.00031197, 0.0004688 , 0.00033354, 0.00033158],\n",
       "        [0.00025409, 0.00033354, 0.00033096, 0.00027007],\n",
       "        [0.0002526 , 0.00033158, 0.00027007, 0.00032777]]),\n",
       " 'filtered_cov_Q4_2014': array([[0.00025778, 0.00026374, 0.00023513, 0.00021608],\n",
       "        [0.00026374, 0.00040007, 0.00030697, 0.00028209],\n",
       "        [0.00023513, 0.00030697, 0.00032943, 0.00025149],\n",
       "        [0.00021608, 0.00028209, 0.00025149, 0.00028687]]),\n",
       " 'filtered_cov_Q1_2015': array([[0.0002391 , 0.00023912, 0.00021742, 0.00020254],\n",
       "        [0.00023912, 0.00037044, 0.00028518, 0.00026567],\n",
       "        [0.00021742, 0.00028518, 0.00031609, 0.00024155],\n",
       "        [0.00020254, 0.00026567, 0.00024155, 0.00028182]]),\n",
       " 'filtered_cov_Q2_2015': array([[0.00021145, 0.000208  , 0.00020648, 0.000177  ],\n",
       "        [0.000208  , 0.00032351, 0.00026946, 0.000231  ],\n",
       "        [0.00020648, 0.00026946, 0.00031956, 0.00022931],\n",
       "        [0.000177  , 0.000231  , 0.00022931, 0.00024864]]),\n",
       " 'filtered_cov_Q3_2015': array([[0.00017727, 0.00016296, 0.00016088, 0.00014214],\n",
       "        [0.00016296, 0.00027049, 0.00021334, 0.00018849],\n",
       "        [0.00016088, 0.00021334, 0.000265  , 0.00018608],\n",
       "        [0.00014214, 0.00018849, 0.00018608, 0.00021879]]),\n",
       " 'filtered_cov_Q4_2015': array([[0.00017177, 0.00016268, 0.00016394, 0.00014195],\n",
       "        [0.00016268, 0.0002651 , 0.00021758, 0.0001884 ],\n",
       "        [0.00016394, 0.00021758, 0.00026845, 0.00018986],\n",
       "        [0.00014195, 0.0001884 , 0.00018986, 0.00021359]]),\n",
       " 'filtered_cov_Q1_2016': array([[0.00016909, 0.00016815, 0.00015586, 0.00014798],\n",
       "        [0.00016815, 0.00026536, 0.00020674, 0.00019629],\n",
       "        [0.00015586, 0.00020674, 0.00023394, 0.00018194],\n",
       "        [0.00014798, 0.00019629, 0.00018194, 0.00021507]]),\n",
       " 'filtered_cov_Q2_2016': array([[0.00015656, 0.00015779, 0.0001415 , 0.00014091],\n",
       "        [0.00015779, 0.00025965, 0.00019508, 0.00019428],\n",
       "        [0.0001415 , 0.00019508, 0.00021705, 0.00017422],\n",
       "        [0.00014091, 0.00019428, 0.00017422, 0.00021561]]),\n",
       " 'filtered_cov_Q3_2016': array([[0.00013316, 0.00012783, 0.00011372, 0.00011674],\n",
       "        [0.00012783, 0.00021681, 0.00015686, 0.00016103],\n",
       "        [0.00011372, 0.00015686, 0.00018003, 0.00014325],\n",
       "        [0.00011674, 0.00016103, 0.00014325, 0.00018754]]),\n",
       " 'filtered_cov_Q4_2016': array([[0.00012474, 0.00012534, 0.0001036 , 0.00011744],\n",
       "        [0.00012534, 0.00021895, 0.00014961, 0.00016959],\n",
       "        [0.0001036 , 0.00014961, 0.00016161, 0.00014018],\n",
       "        [0.00011744, 0.00016959, 0.00014018, 0.00019686]]),\n",
       " 'filtered_cov_Q1_2017': array([[1.20956212e-04, 1.23456467e-04, 9.77817294e-05, 1.16443838e-04],\n",
       "        [1.23456467e-04, 2.15047688e-04, 1.41902692e-04, 1.68985496e-04],\n",
       "        [9.77817294e-05, 1.41902692e-04, 1.48277100e-04, 1.33842272e-04],\n",
       "        [1.16443838e-04, 1.68985496e-04, 1.33842272e-04, 1.95272039e-04]]),\n",
       " 'filtered_cov_Q2_2017': array([[1.16151338e-04, 1.21037110e-04, 9.03809298e-05, 1.15101802e-04],\n",
       "        [1.21037110e-04, 2.13028166e-04, 1.33519750e-04, 1.70039895e-04],\n",
       "        [9.03809298e-05, 1.33519750e-04, 1.33922017e-04, 1.26972330e-04],\n",
       "        [1.15101802e-04, 1.70039895e-04, 1.26972330e-04, 1.95921673e-04]]),\n",
       " 'filtered_cov_Q3_2017': array([[1.08556645e-04, 1.12285286e-04, 8.29016016e-05, 1.07540934e-04],\n",
       "        [1.12285286e-04, 2.02430418e-04, 1.24507184e-04, 1.61512185e-04],\n",
       "        [8.29016016e-05, 1.24507184e-04, 1.25718024e-04, 1.19246424e-04],\n",
       "        [1.07540934e-04, 1.61512185e-04, 1.19246424e-04, 1.88480711e-04]]),\n",
       " 'filtered_cov_Q4_2017': array([[1.00363869e-04, 1.01517668e-04, 7.63141573e-05, 9.78565128e-05],\n",
       "        [1.01517668e-04, 1.88353979e-04, 1.16244890e-04, 1.49059100e-04],\n",
       "        [7.63141573e-05, 1.16244890e-04, 1.21103149e-04, 1.12052610e-04],\n",
       "        [9.78565128e-05, 1.49059100e-04, 1.12052610e-04, 1.77401457e-04]]),\n",
       " 'filtered_cov_Q1_2018': array([[1.04076620e-04, 1.06434583e-04, 8.41645188e-05, 1.03424096e-04],\n",
       "        [1.06434583e-04, 1.95708343e-04, 1.27860492e-04, 1.57119128e-04],\n",
       "        [8.41645188e-05, 1.27860492e-04, 1.35123097e-04, 1.24243976e-04],\n",
       "        [1.03424096e-04, 1.57119128e-04, 1.24243976e-04, 1.86690801e-04]]),\n",
       " 'filtered_cov_Q2_2018': array([[1.05825742e-04, 1.06125333e-04, 8.64138944e-05, 1.02807969e-04],\n",
       "        [1.06125333e-04, 1.92392962e-04, 1.28569018e-04, 1.52960582e-04],\n",
       "        [8.64138944e-05, 1.28569018e-04, 1.39185662e-04, 1.24550089e-04],\n",
       "        [1.02807969e-04, 1.52960582e-04, 1.24550089e-04, 1.82675911e-04]]),\n",
       " 'filtered_cov_Q3_2018': array([[1.05518309e-04, 1.08738284e-04, 8.47475083e-05, 1.03912090e-04],\n",
       "        [1.08738284e-04, 2.00789510e-04, 1.29648616e-04, 1.58967019e-04],\n",
       "        [8.47475083e-05, 1.29648616e-04, 1.35483697e-04, 1.23894348e-04],\n",
       "        [1.03912090e-04, 1.58967019e-04, 1.23894348e-04, 1.86350767e-04]]),\n",
       " 'filtered_cov_Q4_2018': array([[9.91921753e-05, 1.02601649e-04, 7.57476095e-05, 9.68180829e-05],\n",
       "        [1.02601649e-04, 1.90574555e-04, 1.16651468e-04, 1.49100038e-04],\n",
       "        [7.57476095e-05, 1.16651468e-04, 1.18687968e-04, 1.10075926e-04],\n",
       "        [9.68180829e-05, 1.49100038e-04, 1.10075926e-04, 1.73263212e-04]]),\n",
       " 'filtered_cov_Q1_2019': array([[9.64242443e-05, 9.52793712e-05, 7.41110197e-05, 9.30219292e-05],\n",
       "        [9.52793712e-05, 1.76492327e-04, 1.11526930e-04, 1.39985258e-04],\n",
       "        [7.41110197e-05, 1.11526930e-04, 1.19858764e-04, 1.08884537e-04],\n",
       "        [9.30219292e-05, 1.39985258e-04, 1.08884537e-04, 1.69778533e-04]]),\n",
       " 'filtered_cov_Q2_2019': array([[9.41235445e-05, 9.11314582e-05, 7.04408611e-05, 9.26874799e-05],\n",
       "        [9.11314582e-05, 1.73507631e-04, 1.07512576e-04, 1.41467176e-04],\n",
       "        [7.04408611e-05, 1.07512576e-04, 1.17518171e-04, 1.09348296e-04],\n",
       "        [9.26874799e-05, 1.41467176e-04, 1.09348296e-04, 1.78298035e-04]]),\n",
       " 'filtered_cov_Q3_2019': array([[9.02805921e-05, 8.51590072e-05, 7.09542185e-05, 8.73847426e-05],\n",
       "        [8.51590072e-05, 1.63343373e-04, 1.07645115e-04, 1.32571972e-04],\n",
       "        [7.09542185e-05, 1.07645115e-04, 1.23837653e-04, 1.10458553e-04],\n",
       "        [8.73847426e-05, 1.32571972e-04, 1.10458553e-04, 1.70184983e-04]]),\n",
       " 'filtered_cov_Q4_2019': array([[9.14244656e-05, 8.60992181e-05, 7.28490315e-05, 8.97448226e-05],\n",
       "        [8.60992181e-05, 1.63648965e-04, 1.09552092e-04, 1.34960381e-04],\n",
       "        [7.28490315e-05, 1.09552092e-04, 1.26863569e-04, 1.14190736e-04],\n",
       "        [8.97448226e-05, 1.34960381e-04, 1.14190736e-04, 1.74845789e-04]]),\n",
       " 'filtered_cov_Q1_2020': array([[9.35149480e-05, 9.00892987e-05, 7.14595581e-05, 9.04381738e-05],\n",
       "        [9.00892987e-05, 1.71111229e-04, 1.08579682e-04, 1.37416861e-04],\n",
       "        [7.14595581e-05, 1.08579682e-04, 1.20350748e-04, 1.09000162e-04],\n",
       "        [9.04381738e-05, 1.37416861e-04, 1.09000162e-04, 1.72173483e-04]]),\n",
       " 'filtered_cov_Q2_2020': array([[0.00012213, 0.00010262, 0.00012679, 0.00010744],\n",
       "        [0.00010262, 0.00019352, 0.00017834, 0.00015112],\n",
       "        [0.00012679, 0.00017834, 0.00026951, 0.00018671],\n",
       "        [0.00010744, 0.00015112, 0.00018671, 0.00020739]]),\n",
       " 'filtered_cov_Q3_2020': array([[1.22740555e-04, 9.90999064e-05, 1.27703901e-04, 1.03171828e-04],\n",
       "        [9.90999064e-05, 1.91097685e-04, 1.79129481e-04, 1.44718493e-04],\n",
       "        [1.27703901e-04, 1.79129481e-04, 2.82923901e-04, 1.86489743e-04],\n",
       "        [1.03171828e-04, 1.44718493e-04, 1.86489743e-04, 2.02755692e-04]]),\n",
       " 'filtered_cov_Q4_2020': array([[1.24967439e-04, 9.72803377e-05, 1.23899139e-04, 1.00627682e-04],\n",
       "        [9.72803377e-05, 1.92769229e-04, 1.74384150e-04, 1.41630306e-04],\n",
       "        [1.23899139e-04, 1.74384150e-04, 2.77951059e-04, 1.80384580e-04],\n",
       "        [1.00627682e-04, 1.41630306e-04, 1.80384580e-04, 2.02353906e-04]]),\n",
       " 'filtered_cov_Q1_2021': array([[0.00014853, 0.00012366, 0.00015265, 0.00013288],\n",
       "        [0.00012366, 0.00022917, 0.00021033, 0.00018309],\n",
       "        [0.00015265, 0.00021033, 0.00031842, 0.00022601],\n",
       "        [0.00013288, 0.00018309, 0.00022601, 0.00025551]]),\n",
       " 'filtered_cov_Q2_2021': array([[0.0001629 , 0.00013646, 0.00015283, 0.000148  ],\n",
       "        [0.00013646, 0.00025617, 0.00021374, 0.00020698],\n",
       "        [0.00015283, 0.00021374, 0.00030472, 0.00023182],\n",
       "        [0.000148  , 0.00020698, 0.00023182, 0.00028982]]),\n",
       " 'filtered_cov_Q3_2021': array([[0.00016985, 0.00014133, 0.00015945, 0.00015293],\n",
       "        [0.00014133, 0.00026134, 0.0002192 , 0.00021023],\n",
       "        [0.00015945, 0.0002192 , 0.00031434, 0.00023718],\n",
       "        [0.00015293, 0.00021023, 0.00023718, 0.00029451]]),\n",
       " 'filtered_cov_Q4_2021': array([[0.00018062, 0.00015334, 0.00016665, 0.00016223],\n",
       "        [0.00015334, 0.0002771 , 0.00022712, 0.00022111],\n",
       "        [0.00016665, 0.00022712, 0.00031494, 0.00024029],\n",
       "        [0.00016223, 0.00022111, 0.00024029, 0.00030204]]),\n",
       " 'filtered_cov_Q1_2022': array([[0.00018504, 0.00016194, 0.00015594, 0.00017431],\n",
       "        [0.00016194, 0.00029015, 0.00021455, 0.00023983],\n",
       "        [0.00015594, 0.00021455, 0.00027394, 0.00023094],\n",
       "        [0.00017431, 0.00023983, 0.00023094, 0.00032549]]),\n",
       " 'filtered_cov_Q2_2022': array([[0.00017608, 0.00015439, 0.0001481 , 0.00016444],\n",
       "        [0.00015439, 0.00028629, 0.0002101 , 0.00023329],\n",
       "        [0.0001481 , 0.0002101 , 0.00026879, 0.00022378],\n",
       "        [0.00016444, 0.00023329, 0.00022378, 0.00031573]]),\n",
       " 'filtered_cov_Q3_2022': array([[0.00017522, 0.00014886, 0.0001462 , 0.00016394],\n",
       "        [0.00014886, 0.00027629, 0.00020403, 0.00022879],\n",
       "        [0.0001462 , 0.00020403, 0.00026893, 0.0002247 ],\n",
       "        [0.00016394, 0.00022879, 0.0002247 , 0.00032051]]),\n",
       " 'filtered_cov_Q4_2022': array([[0.00018133, 0.0001548 , 0.00014774, 0.00016907],\n",
       "        [0.0001548 , 0.0002877 , 0.00020698, 0.00023686],\n",
       "        [0.00014774, 0.00020698, 0.00026838, 0.00022606],\n",
       "        [0.00016907, 0.00023686, 0.00022606, 0.00032953]]),\n",
       " 'filtered_cov_Q1_2023': array([[0.00018978, 0.000168  , 0.00015117, 0.00018081],\n",
       "        [0.000168  , 0.00030555, 0.00021197, 0.00025354],\n",
       "        [0.00015117, 0.00021197, 0.0002607 , 0.00022813],\n",
       "        [0.00018081, 0.00025354, 0.00022813, 0.00034284]]),\n",
       " 'filtered_cov_Q2_2023': array([[0.00018821, 0.00015731, 0.00014786, 0.0001685 ],\n",
       "        [0.00015731, 0.00028373, 0.00019941, 0.00022725],\n",
       "        [0.00014786, 0.00019941, 0.00025898, 0.00021358],\n",
       "        [0.0001685 , 0.00022725, 0.00021358, 0.00031497]])}"
      ]
     },
     "execution_count": 10,
     "metadata": {},
     "output_type": "execute_result"
    }
   ],
   "source": [
    "covariance_matrices"
   ]
  },
  {
   "cell_type": "code",
   "execution_count": 11,
   "id": "0f0b88de",
   "metadata": {},
   "outputs": [
    {
     "name": "stdout",
     "output_type": "stream",
     "text": [
      "✓ Exported Q1_2012 sheet\n",
      "✓ Exported Q2_2012 sheet\n",
      "✓ Exported Q3_2012 sheet\n",
      "✓ Exported Q4_2012 sheet\n",
      "✓ Exported Q1_2013 sheet\n",
      "✓ Exported Q2_2013 sheet\n",
      "✓ Exported Q3_2013 sheet\n",
      "✓ Exported Q4_2013 sheet\n",
      "✓ Exported Q1_2014 sheet\n",
      "✓ Exported Q2_2014 sheet\n",
      "✓ Exported Q3_2014 sheet\n",
      "✓ Exported Q4_2014 sheet\n",
      "✓ Exported Q1_2015 sheet\n",
      "✓ Exported Q2_2015 sheet\n",
      "✓ Exported Q3_2015 sheet\n",
      "✓ Exported Q4_2015 sheet\n",
      "✓ Exported Q1_2016 sheet\n",
      "✓ Exported Q2_2016 sheet\n",
      "✓ Exported Q3_2016 sheet\n",
      "✓ Exported Q4_2016 sheet\n",
      "✓ Exported Q1_2017 sheet\n",
      "✓ Exported Q2_2017 sheet\n",
      "✓ Exported Q3_2017 sheet\n",
      "✓ Exported Q4_2017 sheet\n",
      "✓ Exported Q1_2018 sheet\n",
      "✓ Exported Q2_2018 sheet\n",
      "✓ Exported Q3_2018 sheet\n",
      "✓ Exported Q4_2018 sheet\n",
      "✓ Exported Q1_2019 sheet\n",
      "✓ Exported Q2_2019 sheet\n",
      "✓ Exported Q3_2019 sheet\n",
      "✓ Exported Q4_2019 sheet\n",
      "✓ Exported Q1_2020 sheet\n",
      "✓ Exported Q2_2020 sheet\n",
      "✓ Exported Q3_2020 sheet\n",
      "✓ Exported Q4_2020 sheet\n",
      "✓ Exported Q1_2021 sheet\n",
      "✓ Exported Q2_2021 sheet\n",
      "✓ Exported Q3_2021 sheet\n",
      "✓ Exported Q4_2021 sheet\n",
      "✓ Exported Q1_2022 sheet\n",
      "✓ Exported Q2_2022 sheet\n",
      "✓ Exported Q3_2022 sheet\n",
      "✓ Exported Q4_2022 sheet\n",
      "✓ Exported Q1_2023 sheet\n",
      "✓ Exported Q2_2023 sheet\n",
      "\n",
      "✅ Successfully exported 46 covariance matrices to 'all_output_results/Noise_filtered_covariance.xlsx'\n",
      "📁 File saved in: all_output_results/Noise_filtered_covariance.xlsx\n",
      "\n",
      "📊 Exported sheets: ['Q1_2012', 'Q1_2013', 'Q1_2014', 'Q1_2015', 'Q1_2016', 'Q1_2017', 'Q1_2018', 'Q1_2019', 'Q1_2020', 'Q1_2021', 'Q1_2022', 'Q1_2023', 'Q2_2012', 'Q2_2013', 'Q2_2014', 'Q2_2015', 'Q2_2016', 'Q2_2017', 'Q2_2018', 'Q2_2019', 'Q2_2020', 'Q2_2021', 'Q2_2022', 'Q2_2023', 'Q3_2012', 'Q3_2013', 'Q3_2014', 'Q3_2015', 'Q3_2016', 'Q3_2017', 'Q3_2018', 'Q3_2019', 'Q3_2020', 'Q3_2021', 'Q3_2022', 'Q4_2012', 'Q4_2013', 'Q4_2014', 'Q4_2015', 'Q4_2016', 'Q4_2017', 'Q4_2018', 'Q4_2019', 'Q4_2020', 'Q4_2021', 'Q4_2022']\n"
     ]
    }
   ],
   "source": [
    "output_folder = 'all_output_results'\n",
    "os.makedirs(output_folder, exist_ok=True)\n",
    "excel_filename = os.path.join(output_folder, \"Noise_filtered_covariance.xlsx\")\n",
    "\n",
    "with pd.ExcelWriter(excel_filename, engine='openpyxl') as writer:\n",
    "    \n",
    "    # Get hedge fund column names for proper indexing\n",
    "    hf_columns = hf_df_clean.columns.tolist()\n",
    "    \n",
    "    # Iterate through each covariance matrix\n",
    "    for var_name, cov_matrix in covariance_matrices.items():\n",
    "        # Extract quarter name from variable name (remove 'filtered_cov_' prefix)\n",
    "        sheet_name = var_name.replace('filtered_cov_', '')\n",
    "        \n",
    "        # Convert numpy array to pandas DataFrame with proper index and column names\n",
    "        cov_df = pd.DataFrame(\n",
    "            cov_matrix, \n",
    "            index=hf_columns, \n",
    "            columns=hf_columns\n",
    "        )\n",
    "        \n",
    "        # Write to Excel sheet\n",
    "        cov_df.to_excel(writer, sheet_name=sheet_name, index=True)\n",
    "        \n",
    "        print(f\"✓ Exported {sheet_name} sheet\")\n",
    "\n",
    "print(f\"\\n✅ Successfully exported {len(covariance_matrices)} covariance matrices to '{excel_filename}'\")\n",
    "print(f\"📁 File saved in: {excel_filename}\")\n",
    "\n",
    "# Display summary of exported sheets\n",
    "sheet_names = [key.replace('filtered_cov_', '') for key in covariance_matrices.keys()]\n",
    "print(f\"\\n📊 Exported sheets: {sorted(sheet_names)}\")"
   ]
  },
  {
   "cell_type": "code",
   "execution_count": null,
   "id": "5d13fb6c",
   "metadata": {},
   "outputs": [],
   "source": []
  }
 ],
 "metadata": {
  "kernelspec": {
   "display_name": "base",
   "language": "python",
   "name": "python3"
  },
  "language_info": {
   "codemirror_mode": {
    "name": "ipython",
    "version": 3
   },
   "file_extension": ".py",
   "mimetype": "text/x-python",
   "name": "python",
   "nbconvert_exporter": "python",
   "pygments_lexer": "ipython3",
   "version": "3.12.4"
  }
 },
 "nbformat": 4,
 "nbformat_minor": 5
}
